2 280
2 416
2 365
1 171
2 57
2 371
2 288
2 300
2 413
2 283
1 77
2 495
2 336
1 213
2 258
2 404
2 161
2 167
2 192
1 26
2 39
2 350
2 158
2 96
1 290
2 349
2 205
2 258
1 495
1 7
1 426
2 411
1 163
1 190
1 424
2 302
2 416
2 38
1 23
2 489
1 150
2 458
1 99
2 208
1 355
1 192
2 181
2 406
2 172
2 494
1 460
2 452
1 237
1 153
2 494
2 121
2 453
2 286
2 14
2 477
2 328
1 213
1 355
1 76
2 81
1 492
2 367
2 33
2 392
2 294
2 57
1 424
2 103
2 217
2 0
2 324
2 238
2 96
2 287
2 384
2 383
2 278
2 165
1 17
1 88
2 128
1 167
2 187
1 135
2 353
2 322
1 422
1 231
2 329
2 301
1 280
1 500
2 62
2 479
2 18
2 459
2 508
2 503
1 59
2 193
2 480
1 220
2 241
2 303
2 262
2 84
1 181
2 330
2 510
1 476
2 321
1 128
1 3
2 165
2 307
2 176
1 319
1 487
2 188
1 193
2 187
2 374
2 193
2 215
2 78
2 347
1 66
2 215
2 71
1 401
1 187
2 379
2 38
2 147
2 319
2 378
2 76
2 8
1 39
1 183
2 330
1 151
2 323
1 198
1 433
1 152
2 91
1 485
1 55
1 200
2 498
1 385
2 475
2 407
2 63
1 381
2 478
2 149
1 370
2 441
2 393
1 437
1 155
2 48
1 219
2 268
2 472
1 72
2 375
1 152
2 509
2 294
2 443
2 394
2 228
1 399
2 257
2 313
1 141
1 59
2 406
2 344
2 234
1 77
1 148
2 365
2 364
2 425
2 258
2 431
2 206
2 152
2 254
1 211
2 176
2 171
1 222
2 460
1 493
1 476
2 157
2 358
2 325
1 355
2 411
2 58
2 260
1 354
2 492
2 120
2 340
2 342
1 13
2 462
2 419
2 138
1 398
2 253
1 263
1 237
1 164
1 439
2 317
2 404
1 337
2 159
2 17
1 474
2 366
2 457
2 240
2 215
2 329
2 331
2 362
2 315
2 178
2 341
2 374
2 374
2 307
1 19
1 338
2 69
2 508
2 333
1 279
2 455
1 55
2 73
1 429
2 456
2 279
1 275
2 47
2 456
2 305
1 464
2 498
1 488
2 370
2 332
2 424
2 490
1 342
2 56
1 208
2 107
2 97
2 102
1 342
1 92
2 366
1 35
1 487
1 416
2 200
2 53
1 165
2 415
1 113
1 479
1 444
1 355
1 373
2 5
2 207
2 432
1 258
2 438
1 78
2 423
2 396
2 129
2 31
2 339
2 145
1 298
2 511
2 138
1 238
2 378
2 274
2 288
1 446
1 394
2 408
2 83
2 216
2 242
1 497
2 327
1 58
2 423
2 86
2 42
2 504
2 54
2 461
2 36
2 230
2 146
1 299
1 330
1 405
2 244
1 90
2 364
1 288
2 40
2 351
2 366
2 497
2 49
2 226
2 480
2 193
2 323
2 145
2 419
2 441
2 147
1 285
1 141
2 478
1 415
2 145
1 58
1 129
2 429
2 406
1 240
2 285
1 299
2 289
2 187
2 490
2 322
1 453
1 435
2 387
2 121
2 54
2 88
2 42
2 233
2 184
2 222
2 264
1 132
2 344
1 51
2 433
2 25
2 315
1 278
2 91
2 344
2 255
1 292
2 81
1 215
2 370
1 336
2 466
2 481
2 190
1 351
1 402
2 29
2 388
2 368
2 359
2 435
2 14
2 290
2 111
2 469
1 363
2 34
2 398
2 80
2 231
2 481
2 370
2 106
2 309
2 388
2 54
2 461
2 211
2 55
2 489
2 430
2 365
1 107
1 443
2 316
2 404
2 132
2 374
2 197
2 228
2 156
2 399
2 111
1 417
2 178
2 186
2 366
2 19
2 273
2 297
1 295
2 92
1 200
2 396
2 33
2 391
1 134
2 492
1 396
1 478
2 339
2 419
1 401
2 299
2 306
2 248
2 498
2 261
2 47
2 349
2 73
2 255
2 347
2 343
2 380
2 380
2 331
2 384
2 1
1 52
2 380
2 311
2 28
1 44
2 335
1 151
2 328
2 181
2 235
2 127
2 251
1 188
2 64
2 266
2 477
2 406
2 364
2 469
2 114
2 92
2 149
1 1
1 266
2 99
2 285
1 271
1 274
2 461
1 20
2 183
1 467
2 209
2 442
1 102
2 393
2 273
1 379
2 319
2 105
2 335
2 125
2 471
1 224
2 217
1 4
2 196
2 92
2 371
2 445
1 173
1 119
2 68
2 224
1 41
2 434
2 141
2 241
2 485
2 62
2 108
1 231
1 215
1 43
1 252
1 324
2 170
2 253
1 92
2 372
2 35
2 168
1 460
2 503
1 237
2 270
1 37
2 7
2 339
2 468
2 274
2 443
1 444
2 197
1 287
2 11
2 204
1 411
2 97
2 505
2 130
2 472
2 291
2 300
1 111
2 148
2 267
2 473
2 281
2 377
2 94
1 479
2 238
2 352
1 24
2 247
1 25
2 492
1 30
1 408
2 426
2 175
1 182
2 209
1 458
1 169
1 435
2 193
2 510
1 502
2 274
2 50
1 511
2 408
2 264
1 474
2 363
1 235
2 435
2 467
2 35
2 386
2 196
2 136
2 102
2 88
1 151
2 7
2 409
2 199
2 326
1 359
2 8
2 470
2 477
1 346
2 178
2 354
2 472
2 309
1 278
2 270
1 94
2 227
2 344
2 488
2 423
2 120
1 342
2 390
2 132
2 13
2 371
1 152
2 135
1 125
2 402
2 89
1 45
1 324
2 51
2 119
2 180
1 406
2 342
2 215
2 378
2 364
2 504
2 60
1 154
1 255
2 140
2 403
2 101
1 315
2 55
1 192
1 256
1 333
2 464
2 109
2 146
2 190
2 130
2 412
2 480
2 492
2 206
1 144
2 343
2 307
1 147
1 56
2 331
2 473
2 201
1 361
2 341
2 245
2 170
1 12
2 442
2 117
1 86
2 188
1 72
2 338
1 311
2 284
2 186
2 98
2 272
2 301
2 318
2 378
2 13
2 55
2 460
2 74
2 409
2 308
1 386
1 307
1 329
2 40
1 491
2 383
1 473
2 469
2 489
2 45
2 190
2 380
1 69
1 145
2 229
2 7
2 296
1 26
1 230
2 398
2 9
2 419
2 91
1 69
1 123
2 97
2 223
2 489
1 191
1 287
2 99
1 311
2 353
2 209
2 249
2 355
2 194
1 203
2 465
2 225
1 509
2 232
1 343
2 221
2 414
2 177
2 306
2 51
2 16
2 495
2 350
2 264
1 491
2 410
2 19
2 90
2 212
1 80
2 291
2 81
2 436
1 260
2 506
1 244
2 334
2 287
2 276
2 492
2 272
2 179
2 125
2 335
2 55
2 477
2 366
2 307
1 20
1 65
1 291
2 322
2 339
2 219
2 393
1 99
2 285
1 133
2 1
2 69
2 204
2 253
1 53
2 304
2 107
2 163
2 487
2 80
1 0
2 108
1 464
2 50
2 493
1 358
2 389
2 141
2 318
1 349
2 259
2 484
2 290
2 505
1 469
2 293
2 357
2 207
2 471
2 132
2 261
1 42
2 206
2 330
2 375
2 456
2 498
2 210
2 3
2 490
2 12
2 271
2 115
2 6
2 60
2 425
2 131
2 183
2 180
2 263
2 455
2 296
1 205
2 156
2 11
2 458
1 383
1 245
1 330
1 372
2 43
1 362
1 436
2 318
1 430
1 471
2 105
2 88
2 41
2 96
2 47
1 78
2 44
1 141
1 491
2 125
2 63
2 251
2 332
1 486
2 340
2 181
2 217
2 281
2 215
2 346
1 471
1 273
2 144
2 207
2 319
2 22
2 188
2 401
1 238
2 166
2 14
2 501
2 300
2 21
2 88
2 105
2 490
2 188
2 433
1 246
2 95
2 92
1 69
2 211
2 363
2 37
2 41
2 127
2 105
1 327
2 203
2 162
2 199
2 411
1 180
1 433
2 357
1 205
2 177
1 429
2 5
1 171
1 184
2 78
1 50
2 317
1 247
1 145
2 240
2 49
2 489
2 437
2 141
2 76
2 242
1 246
2 251
2 471
1 391
2 139
1 291
1 376
2 337
2 236
2 57
2 362
2 453
2 282
1 34
1 174
2 283
1 33
2 414
1 174
1 310
2 391
1 171
2 397
1 92
1 62
2 460
2 362
2 122
2 501
2 291
2 24
2 456
2 490
2 199
2 307
2 459
2 488
2 5
2 480
1 407
1 8
2 202
2 126
1 103
2 375
1 269
1 212
2 289
2 82
2 295
1 74
2 504
2 422
2 240
1 314
2 241
1 110
1 36
2 132
2 232
1 31
2 447
1 471
2 484
2 131
2 222
2 400
2 345
2 226
2 342
2 164
2 472
2 476
1 144
