2 1642
2 1658
1 1661
1 1679
1 1692
2 1697
1 1706
1 1709
2 1699
2 1683
1 1663
2 1679
2 1684
1 1709
2 1684
1 1661
2 1682
2 1684
1 1688
2 1718
2 1719
1 1702
2 1691
2 1719
2 1747
1 1766
2 1776
2 1765
2 1763
1 1750
2 1721
2 1714
2 1725
2 1741
2 1765
2 1795
2 1796
2 1775
1 1743
2 1759
2 1764
2 1746
2 1749
1 1752
2 1747
1 1775
1 1794
2 1763
1 1742
2 1744
2 1753
1 1753
2 1764
2 1734
2 1763
2 1794
2 1763
1 1788
2 1796
2 1816
2 1805
1 1797
2 1791
1 1761
2 1745
2 1745
1 1746
1 1761
2 1746
2 1776
2 1792
1 1769
2 1781
2 1791
2 1793
1 1770
1 1739
2 1712
1 1723
1 1734
2 1708
2 1702
2 1716
1 1707
2 1739
2 1736
2 1768
2 1753
2 1729
2 1726
2 1722
2 1719
2 1744
2 1732
1 1740
2 1754
2 1782
2 1812
2 1841
2 1847
1 1838
2 1821
2 1827
2 1820
2 1817
2 1837
2 1844
1 1832
2 1835
2 1814
1 1827
2 1835
1 1841
1 1839
1 1814
2 1826
2 1802
2 1816
2 1790
2 1821
2 1831
1 1855
1 1879
2 1871
2 1893
2 1875
1 1855
2 1842
2 1823
2 1817
1 1791
2 1787
2 1787
2 1755
2 1752
2 1779
2 1793
2 1784
2 1766
2 1770
2 1785
2 1801
2 1799
2 1829
2 1815
2 1788
2 1820
2 1818
2 1796
2 1766
2 1738
1 1729
2 1734
1 1745
1 1758
2 1764
1 1787
2 1777
2 1758
2 1765
2 1752
2 1774
1 1780
1 1803
2 1826
2 1832
1 1836
2 1852
1 1831
2 1862
2 1870
2 1875
2 1861
2 1877
2 1875
2 1854
2 1835
2 1849
2 1852
2 1859
1 1884
1 1906
2 1896
1 1897
2 1884
1 1876
1 1906
2 1919
2 1935
2 1940
1 1960
1 1965
2 1963
2 1950
1 1966
1 1976
1 2000
2 2010
1 2018
1 2014
2 2003
1 1988
2 1990
2 2010
1 1982
1 1973
1 1967
1 1969
2 1973
1 1958
2 1982
2 1951
2 1927
2 1944
2 1976
1 1957
2 1948
1 1944
2 1918
1 1898
2 1878
2 1898
2 1906
2 1899
1 1882
2 1912
1 1935
1 1918
1 1892
1 1903
2 1929
2 1916
2 1923
2 1901
2 1871
2 1895
2 1918
1 1921
2 1933
2 1903
2 1892
2 1901
1 1909
1 1902
2 1933
2 1965
1 1941
2 1924
2 1892
1 1898
1 1882
1 1889
1 1910
2 1936
2 1909
2 1880
1 1877
2 1852
2 1866
2 1858
2 1838
1 1810
2 1803
2 1834
1 1866
2 1874
2 1873
2 1857
2 1836
2 1845
2 1864
1 1858
2 1851
1 1871
2 1840
2 1846
1 1827
2 1856
2 1882
2 1869
2 1898
2 1914
2 1944
1 1931
2 1902
2 1890
2 1874
1 1880
2 1898
2 1884
1 1855
2 1868
1 1890
2 1898
2 1913
1 1921
2 1923
2 1895
2 1918
2 1890
2 1865
2 1835
1 1825
1 1853
1 1822
2 1816
2 1813
2 1816
2 1796
2 1818
2 1809
2 1817
2 1808
1 1803
2 1800
2 1789
2 1803
2 1833
1 1824
1 1829
1 1826
2 1846
2 1835
1 1806
2 1792
1 1821
1 1826
1 1826
2 1854
2 1844
2 1873
2 1871
2 1860
2 1833
2 1859
2 1848
2 1874
1 1846
2 1878
2 1853
2 1832
1 1864
2 1843
1 1850
2 1842
1 1824
2 1803
1 1797
1 1800
1 1783
2 1779
2 1810
2 1781
2 1811
2 1789
2 1821
2 1794
2 1823
1 1835
1 1862
1 1836
1 1836
2 1835
1 1854
2 1851
2 1837
2 1808
1 1824
1 1851
2 1835
2 1807
2 1829
2 1824
2 1824
2 1847
2 1868
2 1856
2 1864
1 1864
2 1871
2 1885
2 1872
2 1848
2 1876
1 1903
2 1913
2 1942
2 1955
2 1985
2 2009
2 2033
1 2040
2 2016
1 2027
2 2030
2 1556
2 1529
1 1512
2 1503
2 1502
2 1505
2 1511
2 1533
2 1521
2 1497
2 1514
2 1497
2 1509
2 1519
1 1530
2 1541
2 1534
2 1559
2 1582
2 1603
2 1574
2 1575
2 1598
2 1568
2 1556
2 1563
1 1566
2 1541
2 1517
2 1494
2 1492
2 1481
1 1474
2 1448
2 1448
2 1447
1 1434
2 1455
2 1440
2 1452
2 1463
2 1454
2 1464
1 1445
1 1462
1 1461
1 1482
2 1477
2 1486
2 1470
1 1489
2 1486
2 1494
2 1509
2 1483
2 1494
2 1505
2 1523
2 1528
2 1521
2 1528
2 1541
2 1542
1 1520
2 1518
2 1526
2 1552
2 1564
1 1550
2 1542
1 1528
2 1498
2 1518
1 1547
2 1547
2 1576
2 1600
1 1584
2 1582
1 1606
2 1599
2 1571
2 1583
2 1573
2 1596
1 1617
2 1648
1 1670
1 1649
2 1639
2 1640
1 1625
2 1594
1 1625
1 1646
2 1674
2 1668
2 1662
1 1652
1 1647
2 1617
2 1608
2 1638
2 1635
2 1666
1 1638
2 1665
2 1672
2 1666
1 1680
2 1658
2 1634
2 1642
1 1666
2 1673
2 1681
2 1710
1 1730
1 1742
1 1767
2 1797
1 1772
2 1774
1 1788
2 1786
2 1794
1 1787
2 1819
1 1851
2 1883
2 1885
1 1916
2 1942
1 1965
2 1970
2 1957
2 1955
2 1933
2 1963
2 1960
2 1970
1 1949
2 1929
2 1948
1 1933
2 1962
2 1940
1 1925
1 1930
2 1916
2 1945
2 1924
2 1907
2 1906
2 1893
2 1890
2 1870
1 1869
1 1870
1 1898
2 1868
2 1890
2 1898
1 1899
2 1909
2 1894
1 1887
1 1865
2 1858
1 1847
1 1868
2 1889
2 1899
1 1898
2 1869
2 1894
1 1882
2 1876
2 1850
2 1819
2 1798
2 1803
2 1823
2 1818
1 1839
2 1853
2 1832
1 1807
2 1832
1 1800
2 1798
1 1788
2 1759
2 1778
2 1752
1 1778
2 1761
1 1738
2 1744
2 1725
1 1732
2 1704
2 1719
1 1736
1 1768
2 1759
1 1788
2 1815
2 1824
2 1811
1 1830
2 1819
1 1793
1 1780
2 1771
2 1789
2 1811
1 1823
2 1801
2 1822
2 1799
1 1830
2 1832
2 1822
1 1825
2 1852
2 1870
2 1876
1 1845
2 1813
1 1836
2 1865
1 1872
2 1872
2 1847
2 1841
2 1850
1 1868
1 1872
1 1886
1 1918
2 1898
2 1907
2 1906
2 1925
1 1916
2 1906
2 1930
1 1921
1 1915
2 1940
2 1927
2 1923
2 1944
2 1923
2 1905
2 1884
2 1862
1 1869
2 1888
2 1890
1 1880
1 1889
2 1881
2 1851
2 1820
1 1796
2 1768
2 1799
2 1784
2 1799
1 1830
2 1842
2 1858
2 1878
1 1878
2 1895
2 1881
2 1866
2 1869
2 1845
2 1866
1 1857
2 1856
2 1869
2 1874
1 1881
2 1872
2 1886
1 1859
1 1831
1 1857
2 1865
2 1865
2 1897
1 1907
1 1904
2 1901
2 1899
1 1895
1 1873
1 1858
1 1852
1 1883
2 1865
2 1869
1 1849
1 1870
2 1845
1 1868
1 1881
2 1895
2 1903
2 1926
2 1897
2 1882
2 1850
2 1860
2 1837
2 1863
2 1851
2 1849
1 1873
1 1879
2 1889
1 1918
2 1896
1 1914
2 1886
2 1889
1 1885
2 1886
2 1859
2 1844
2 1875
1 1901
1 1906
2 1920
2 1896
2 1892
2 1894
2 1894
2 1923
1 1924
1 1917
2 1912
2 1944
2 1960
1 1942
1 1957
2 1956
2 1927
2 1923
2 1934
2 1953
2 1933
1 1908
2 1890
2 1859
1 1882
1 1900
1 1921
2 1895
2 1905
1 1913
2 1895
2 1878
2 1894
2 1875
1 1906
2 1887
1 1880
1 1889
1 1916
2 1909
2 1928
2 1896
2 1901
2 1931
1 1918
2 1943
2 1956
2 1956
2 1956
2 1976
2 1950
2 1979
1 1960
2 1944
2 1934
2 1905
1 1929
2 1940
1 1965
1 1962
1 1981
2 1995
2 2016
2 2029
2 2005
2 1975
2 1980
2 1984
2 1993
2 2006
2 1989
2 1982
2 2009
2 2023
2 2005
2 2008
2 2011
1 2021
2 1999
2 2022
2 2040
1 2042
1 2027
1 2033
2 2043
2 2030
1 89
2 74
2 100
1 111
2 104
2 80
2 88
2 79
1 66
2 95
2 120
2 142
2 111
2 133
2 143
2 125
2 101
2 72
1 79
2 63
2 74
2 52
2 52
1 40
2 62
1 93
2 68
1 78
2 64
2 38
2 40
2 9
2 5
2 14
2 42
2 24
1 19
2 20
2 11
2 31
2 25
1 28
1 3
2 18
2 396
1 406
1 438
1 461
2 450
2 433
2 455
2 424
2 413
1 424
2 405
2 408
2 402
1 387
2 355
1 374
2 393
2 398
2 427
2 432
2 403
1 415
1 404
1 408
2 390
1 372
2 373
2 343
1 372
2 355
2 366
2 337
1 310
1 311
2 286
2 318
1 314
1 330
2 332
2 364
2 336
2 306
2 311
2 320
2 326
2 333
2 318
2 291
2 304
1 303
2 281
2 308
1 330
2 308
2 277
1 295
2 326
2 334
2 364
1 346
1 346
2 358
2 349
2 355
2 386
2 374
2 377
1 397
2 368
1 337
1 365
2 334
1 361
2 352
1 383
1 398
2 416
2 420
2 390
2 405
2 436
2 460
2 454
1 463
2 465
1 447
2 476
1 453
2 478
2 479
2 508
1 477
2 463
2 474
2 448
2 423
2 395
2 396
1 400
2 419
1 429
2 427
1 457
2 458
1 490
2 515
2 503
2 500
2 487
2 512
2 534
2 523
2 526
1 539
1 532
2 516
2 507
2 481
2 469
2 492
2 504
1 478
2 460
2 449
2 422
2 443
2 451
2 456
2 486
2 514
2 511
2 483
2 471
2 451
2 478
1 504
2 478
2 508
2 525
2 517
