2 1724
1 1322
1 1289
1 1322
2 867
1 784
2 952
1 952
2 1382
2 1322
2 927
1 1289
1 1930
2 798
2 1724
2 67
2 173
1 173
2 645
2 67
2 800
1 248
2 67
1 173
2 645
2 798
1 1881
2 1015
1 927
2 927
2 1930
2 248
1 1881
1 248
2 1930
2 800
1 1015
1 1753
2 1015
2 1015
1 1753
1 1881
1 800
2 248
1 798
2 2041
1 1015
2 2041
2 2041
1 1015
2 798
1 1015
1 800
1 1816
1 798
2 2041
2 248
2 1015
2 2041
2 1015
1 1015
1 1881
1 798
2 1228
2 912
1 905
2 1080
2 912
2 1277
2 1080
2 2041
1 1680
2 942
2 905
2 2041
1 905
2 912
2 88
2 1228
2 2047
1 1881
2 798
1 912
2 942
1 1131
2 942
2 1228
1 78
2 1228
2 650
1 2041
1 1450
2 78
2 1627
2 1627
2 942
2 1881
2 798
1 650
2 1131
2 1228
2 912
1 912
2 350
1 78
2 1450
2 2041
1 1749
2 1131
2 798
2 912
2 1131
1 1627
2 912
2 2041
2 2041
2 1022
2 1131
2 1749
2 798
2 1131
1 2041
2 912
1 1131
1 2047
2 2037
2 1627
2 1953
2 1131
1 798
1 229
2 1554
1 371
2 1022
2 1022
2 1375
2 1554
1 1554
1 1953
2 1953
1 912
2 520
2 1022
2 229
1 12
2 1602
2 1375
1 1534
2 12
2 1534
1 1375
2 1602
2 912
2 1512
1 1022
1 1602
2 229
2 1022
2 888
2 834
1 1395
2 1395
2 834
2 834
1 1395
1 1395
1 1395
2 888
2 1534
1 1602
2 1375
2 1375
2 1375
2 521
2 521
1 646
2 646
2 521
1 1602
1 1764
1 888
2 834
2 888
2 118
2 646
2 1395
2 646
2 521
2 646
2 834
1 292
2 888
1 1062
1 1167
1 888
2 238
2 888
2 118
2 1395
2 521
2 1895
2 198
2 888
2 1395
2 201
2 1895
2 292
2 834
1 317
1 888
2 198
2 292
2 292
2 1895
2 91
2 1340
1 1395
1 1083
2 292
2 317
2 201
1 198
2 834
2 201
2 317
2 91
1 1083
2 1895
1 1031
1 1895
2 834
2 880
2 1523
1 317
1 1523
2 834
2 1231
2 1523
1 688
2 688
1 1523
2 688
2 688
1 91
1 1003
1 1523
2 880
2 1031
2 688
1 1231
1 1231
1 1128
1 317
2 317
2 238
1 688
1 317
2 1489
2 1231
1 1003
1 1688
2 880
2 880
1 1489
1 1489
2 1031
1 1968
2 2027
2 688
2 509
2 1128
2 1831
2 1231
2 662
1 1128
2 1128
1 1688
2 1688
2 662
2 1980
2 972
1 1128
2 1231
2 1031
1 688
1 1831
2 662
1 972
2 1688
1 643
1 1831
2 1899
1 662
2 1031
1 278
2 1231
1 1980
1 1128
2 972
2 1831
2 1128
2 1899
2 795
1 795
2 662
1 1831
2 1899
1 1128
2 252
2 662
2 1980
2 511
2 1980
2 147
1 662
1 252
2 1809
2 1980
1 1809
2 1831
2 297
1 297
2 511
1 1265
1 1128
1 1076
2 147
1 97
2 1265
2 647
2 1809
2 511
2 797
2 1767
2 1767
1 1767
1 97
2 1767
2 1229
2 1767
2 308
2 1128
2 1816
1 147
1 511
2 647
1 1265
1 106
2 1229
2 1809
2 1101
1 1809
2 1935
2 1253
2 1809
2 1816
2 1816
2 308
2 1128
2 1767
1 1128
2 1265
2 1128
1 308
1 1502
2 647
2 1767
2 1935
1 1816
2 1605
2 1935
2 829
1 308
1 308
2 647
2 308
1 1502
1 1605
1 920
2 1816
2 308
1 829
2 1579
2 829
2 920
2 920
1 1114
2 1605
2 518
1 1579
2 1605
2 1816
1 920
2 829
2 1816
2 1579
2 1605
2 1579
2 1816
1 308
2 1713
1 1605
2 1217
1 920
2 1816
2 1816
1 518
2 1511
2 920
2 1713
2 901
2 451
2 118
2 1055
2 118
1 1605
2 556
1 1605
2 8
1 556
2 518
1 1471
2 901
2 1511
2 1031
2 1471
2 118
1 1471
2 556
1 556
2 8
1 1073
1 1511
1 1471
2 554
2 556
2 1609
2 970
2 611
2 600
2 556
1 600
2 970
2 1896
1 611
2 486
2 486
1 871
2 556
2 1511
1 620
2 970
1 620
2 611
1 620
2 486
2 1229
2 970
1 611
2 900
2 620
1 981
2 486
2 1241
2 1511
2 458
1 1811
2 556
2 611
2 486
2 1539
1 458
1 1977
2 1109
2 981
2 1977
2 970
2 1109
2 875
1 890
2 1241
1 1241
2 458
2 890
2 859
1 970
2 33
1 859
2 970
2 1241
2 276
2 276
1 1830
2 1241
1 1210
1 1043
2 33
1 1241
1 1275
2 1275
2 1275
2 33
1 1241
2 1830
1 512
1 1241
2 1275
1 1210
2 2021
1 1086
2 666
1 2021
2 1760
2 641
1 2021
1 1210
1 839
2 1241
1 666
2 33
2 33
2 2021
2 85
2 1830
2 666
2 85
2 945
2 641
2 1760
2 1760
2 2021
2 329
2 1990
2 1830
1 1990
2 1760
2 938
2 945
1 641
2 624
1 1708
2 329
1 85
1 1814
2 1814
2 1990
2 1990
1 624
2 329
2 1990
2 624
2 1990
1 418
2 1222
2 1814
1 641
2 418
2 641
1 1266
2 624
1 85
2 641
1 418
2 1814
1 624
1 1990
2 1814
2 85
2 956
1 956
2 418
2 1222
2 1266
2 1814
2 1266
2 1396
2 1990
2 1396
2 1814
2 1151
2 2031
2 624
2 955
2 85
1 956
1 955
2 956
2 840
2 1814
2 85
1 2031
2 1954
1 956
1 624
2 2031
1 85
1 85
2 1106
2 955
2 1106
1 956
2 956
2 1106
1 1814
2 1092
1 1573
2 1320
1 1106
2 956
2 1092
2 956
1 1156
1 1838
1 1814
2 1838
1 373
1 1573
1 1573
2 1092
2 153
2 2007
1 2007
2 1838
1 1320
1 1528
2 567
2 2007
2 1528
1 820
2 1998
2 1156
2 1838
1 153
2 1838
2 820
1 1838
2 729
2 1528
1 567
2 1998
2 1838
2 820
1 1528
2 729
2 1998
1 827
1 820
2 153
1 153
1 567
1 827
2 567
2 153
1 620
2 1836
1 1057
2 567
1 827
2 729
2 591
2 153
2 776
1 1057
1 1909
2 620
1 776
2 776
2 827
1 1836
1 776
2 153
1 729
2 729
2 1057
2 1057
2 1517
1 578
2 1365
2 620
1 578
2 540
1 540
2 1517
2 1057
1 1057
2 578
1 729
2 1365
2 620
2 1890
2 76
2 348
1 199
2 76
1 578
2 76
2 348
2 1365
2 1890
2 578
1 1688
1 348
2 199
2 348
2 578
2 1090
1 1090
1 620
2 620
2 76
1 1890
1 76
1 1583
2 348
1 217
1 1090
1 217
1 1108
1 577
1 1962
1 76
2 578
1 578
1 620
2 1249
2 1293
2 794
1 794
2 794
2 42
2 42
2 1108
1 1591
2 1742
1 76
2 76
2 42
2 1249
2 577
2 577
2 1108
1 1293
1 620
2 1293
2 1309
1 1108
2 1249
1 42
2 794
2 1249
2 620
2 42
1 1309
1 620
1 577
2 1249
2 1108
2 1681
1 1761
2 794
2 1681
1 125
2 426
2 620
2 577
2 1761
1 1339
1 1949
1 1108
2 809
2 794
2 1761
2 820
2 1119
2 1249
1 620
1 830
2 1339
2 830
2 790
2 620
2 577
1 809
2 1108
2 888
2 820
2 343
2 2003
1 809
2 820
2 1249
2 820
2 820
1 343
2 830
2 790
1 238
2 2003
2 620
2 820
1 1386
1 1977
2 1249
1 343
2 1151
1 758
1 394
2 1543
2 809
1 820
1 758
2 1386
2 709
2 820
2 238
2 820
1 541
2 820
2 1633
2 343
1 394
1 809
2 238
2 1213
2 809
2 394
1 690
2 1213
1 709
1 394
2 690
1 1386
2 820
1 238
1 343
1 394
2 809
2 529
2 820
2 394
2 238
2 686
1 1213
1 22
2 820
2 1622
2 1386
2 529
1 820
1 238
1 268
1 820
2 529
2 238
2 238
2 809
1 394
2 394
1 1694
2 238
1 394
2 686
2 1386
1 574
2 268
2 686
1 529
2 917
2 1694
1 377
2 113
2 113
2 113
2 917
2 1115
2 238
2 686
1 1115
2 2014
1 268
2 529
1 1694
1 578
2 1115
2 238
1 268
2 1498
2 1821
2 113
2 465
1 1206
1 686
1 715
2 1206
2 1206
2 1694
2 2014
1 1016
1 1694
2 268
2 465
2 686
2 268
2 1498
2 318
2 2014
2 1206
2 113
2 113
2 2014
2 465
1 686
2 113
1 623
2 755
2 1498
2 1206
1 268
1 113
2 113
2 1498
1 623
2 1498
2 1426
2 1214
1 1214
2 623
2 755
1 623
1 268
2 686
2 1498
2 1500
1 1214
2 1500
2 1616
2 268
2 686
2 1498
1 1405
2 408
1 1426
1 1616
1 1616
2 845
2 1498
1 686
1 1440
2 352
1 1550
1 686
2 686
2 1440
1 782
2 782
1 408
2 408
1 845
2 752
2 752
1 1613
2 77
1 433
2 1318
2 436
2 1318
2 1550
2 655
2 453
2 1491
2 1693
1 453
1 1550
2 453
2 453
2 1868
2 202
2 959
2 505
1 505
1 1550
1 1187
2 959
1 600
2 1868
1 202
1 315
2 1550
1 1096
1 202
1 1757
2 1757
1 1550
2 959
2 959
2 914
2 914
2 1757
1 600
1 810
