2 735
2 763
2 250
2 231
2 250
2 180
2 200
2 213
1 250
1 235
2 735
2 180
1 549
2 525
2 180
2 735
2 767
2 747
2 759
2 735
2 754
1 750
1 735
1 180
2 549
2 1813
1 1844
2 735
2 749
2 549
1 618
1 1813
2 1321
1 1813
1 1794
1 1794
1 618
2 614
2 637
2 620
2 607
2 596
1 618
2 1813
2 1788
1 1805
2 1813
2 1800
2 1774
2 1321
2 610
2 589
2 589
1 596
2 1321
2 1337
2 1305
2 1321
2 1314
2 1320
1 1321
2 1324
2 1342
2 610
2 612
1 595
1 612
1 601
1 2045
2 1653
2 1361
1 1374
2 1406
2 1396
2 1361
2 1357
1 1385
1 1384
2 1385
2 1377
2 1354
2 1339
2 1363
1 1354
2 1363
2 1363
2 147
2 157
2 934
2 934
2 926
2 935
2 934
2 961
2 835
1 934
2 338
2 338
2 338
2 338
2 306
2 274
2 266
2 1611
1 1590
2 1602
2 1575
2 1567
2 1569
2 1557
1 1569
2 1593
1 1588
2 1611
1 1642
2 1611
1 1611
2 1587
2 1603
2 1618
2 1792
2 1792
1 1455
2 1611
1 1636
2 1611
1 1580
2 1792
1 1611
1 1586
2 1611
2 1627
1 1597
2 1611
1 1635
2 353
2 364
2 395
2 378
2 387
1 353
2 381
2 388
2 411
1 353
2 353
2 4
2 1064
2 1611
2 1611
2 452
2 1611
2 1639
2 1663
1 1646
2 1652
2 1626
2 452
2 484
2 478
2 494
1 97
2 610
2 97
2 76
2 97
1 1611
1 1589
2 1610
2 463
2 463
2 97
1 97
2 97
2 97
1 1611
1 1611
1 1614
2 830
2 1611
2 1643
1 1632
1 1639
1 463
2 440
1 442
1 428
1 398
2 386
2 1611
2 463
1 463
1 480
1 504
2 681
1 681
1 681
1 669
1 1170
2 681
1 1170
1 1174
2 1178
2 463
1 1611
2 1611
1 1579
1 1555
2 681
2 1611
1 1611
1 1170
2 1162
2 1148
2 1611
1 1615
2 1611
1 1631
2 1646
2 1621
1 1599
2 1586
2 1566
1 1170
2 1150
2 1140
2 1690
2 1690
2 1703
1 1170
2 1164
2 1611
2 1637
2 1170
1 1146
2 1135
1 1151
1 1179
2 1170
2 1153
2 1172
2 1690
2 1690
1 1170
1 1170
2 572
1 1690
2 1669
2 1611
2 572
1 556
2 562
2 1690
2 1659
2 1667
2 1688
2 1611
1 1586
1 1611
2 1585
2 1181
1 1690
2 1716
2 1724
2 1699
2 1685
1 1677
1 1692
2 1611
2 1690
2 1716
1 1714
2 1704
1 1687
2 1690
1 1670
1 1690
1 1696
2 1181
2 1197
2 1173
2 1971
2 1690
2 1971
2 1971
2 1982
2 1971
2 1975
2 1950
2 1959
2 1690
2 1709
2 1729
2 1181
2 1172
2 1690
1 1699
2 1693
2 1661
1 1181
1 1186
2 1206
2 1690
2 1689
1 1690
2 1670
1 1690
1 1693
2 1370
2 1181
1 1184
1 1197
2 1227
2 1214
2 1690
2 1676
1 1840
1 1918
2 1919
2 1891
1 1895
2 1882
2 1888
1 1856
2 1918
1 1949
2 1840
2 1842
1 1871
1 1865
2 1840
2 1840
2 1840
2 1832
2 1840
1 1840
2 1918
2 1906
2 1912
2 1840
1 1842
2 1845
1 1860
2 1861
2 1840
1 741
2 746
2 761
2 760
2 741
2 741
2 713
2 730
1 726
2 741
2 1840
2 1511
2 1538
2 1511
2 1511
2 1527
1 1559
2 1555
2 741
2 1840
2 1831
2 741
1 764
1 744
2 729
1 738
2 752
1 781
1 1665
1 741
2 741
1 741
2 755
2 745
2 765
1 741
1 741
2 772
2 1126
1 1665
1 1663
2 1645
2 1665
2 1658
2 1652
1 1677
2 741
1 758
2 741
1 755
2 1126
1 1097
2 1120
2 1101
2 1750
2 1750
2 1723
1 1740
2 1737
1 1750
2 1748
2 1750
1 1738
2 1709
2 1686
2 1660
1 1688
1 1722
1 1741
2 1771
1 1740
2 1759
1 1728
2 705
2 705
2 714
2 1750
2 1732
2 1723
2 1717
1 1722
1 1734
1 1765
2 1769
2 705
1 692
2 1769
1 1789
1 1761
2 1766
2 1745
2 1763
2 1755
1 1775
2 1785
1 242
2 218
1 224
2 229
2 252
2 242
2 1436
2 1417
2 1432
2 1402
2 1434
2 1418
2 1436
2 1422
2 1436
2 1406
1 1397
1 1404
1 1431
2 1463
1 1491
2 1436
2 1410
2 1389
1 1385
2 1275
2 1270
2 1265
1 1292
2 1318
2 1332
2 1436
2 1443
2 756
2 742
2 1436
2 1435
2 1455
1 756
2 756
2 1436
2 1411
2 1434
2 1437
1 1445
1 1232
2 1259
1 1237
2 1234
1 1259
1 1251
2 1080
1 1385
2 1412
2 1385
2 1080
1 1079
2 1051
2 1030
1 1080
2 1385
1 1385
2 1391
2 1442
2 1431
2 1427
1 1454
2 509
2 1385
1 1361
1 1378
1 1362
2 1339
2 1080
2 1087
1 1065
2 1096
1 1106
2 1112
2 1080
2 1053
2 1028
1 1041
2 1080
2 1086
2 1080
2 995
2 995
2 1018
2 995
1 969
2 975
1 983
1 965
1 983
1 995
2 968
2 979
2 71
1 62
2 995
2 989
2 989
2 1010
2 1080
2 1080
2 1081
1 71
2 1080
1 1084
1 1098
2 1073
1 1085
1 1115
1 1080
2 1806
1 1786
1 1812
1 1080
1 1806
1 71
2 75
2 1080
2 1083
2 1083
2 1110
2 1142
2 1166
1 1197
1 1218
2 1080
2 1102
1 1082
1 1104
2 1080
1 1085
2 1064
1 1080
2 1083
2 1064
1 1080
2 1080
2 44
2 22
1 42
1 39
1 1509
1 1508
2 1522
2 44
2 44
2 1080
2 1080
2 1101
2 1083
1 1077
2 1051
1 1080
1 1095
1 1080
2 1049
1 1070
2 1080
2 1056
2 1021
2 1509
1 1080
1 1092
2 1091
2 1118
1 1133
1 1106
2 1125
1 1152
1 1183
2 1080
2 1073
1 326
2 326
1 1664
2 1680
2 1651
2 1628
2 1651
1 1645
1 184
2 174
1 163
2 184
2 184
2 1664
2 326
1 1664
1 1664
2 677
2 687
2 692
2 677
1 690
1 663
1 633
2 619
1 616
1 640
2 626
1 677
2 673
2 651
1 656
2 1664
1 1687
2 1664
2 675
1 695
2 677
2 677
2 1664
1 1658
2 1662
1 1658
2 1664
2 1670
2 677
1 152
2 677
2 657
2 654
2 639
2 613
2 602
2 1153
1 1140
2 1157
2 1153
1 1170
1 677
2 152
2 1153
2 1122
2 1664
1 1686
2 1702
2 1718
1 1664
2 1659
2 1636
1 1664
2 1680
2 1697
2 1668
2 1657
1 1646
2 1617
2 1621
1 1153
2 1125
1 1153
1 1122
2 1106
1 1664
1 599
2 599
1 599
1 599
2 599
1 621
2 592
2 1153
2 1170
2 1664
2 1683
2 1614
1 1614
2 1614
1 1614
1 1623
2 1153
2 1153
2 1130
1 1101
2 1087
2 1153
2 1664
2 1680
2 1651
1 212
1 942
2 918
1 908
2 1614
2 1629
2 1644
1 1651
1 1669
2 1655
2 1647
2 942
2 942
2 943
1 961
2 942
1 942
2 973
2 1454
1 1424
1 74
2 102
2 74
1 68
1 74
2 76
2 100
1 74
1 67
2 58
2 64
1 85
2 100
2 942
2 949
1 942
1 1454
1 1454
1 1454
1 1454
1 1450
2 1454
2 943
1 942
2 929
2 943
1 943
1 966
2 942
2 935
2 942
2 974
1 989
1 942
1 934
1 942
2 963
2 583
1 578
2 553
1 943
1 669
2 1371
2 1393
2 1401
1 1382
2 1379
2 1403
2 943
2 912
2 1371
2 943
2 1371
1 421
2 427
2 421
1 1371
2 1392
2 1371
2 1374
2 1390
2 421
2 421
2 403
1 421
1 401
2 397
1 421
2 399
1 423
1 407
1 421
1 1930
2 1371
2 1930
1 960
2 989
2 1930
2 1941
2 1948
1 1951
2 1930
2 421
2 444
2 1930
2 1930
2 1904
2 1880
2 1854
1 1870
2 1365
1 1365
2 1381
1 421
2 450
2 447
2 461
2 460
1 448
2 436
2 416
2 402
2 431
1 437
2 438
2 582
2 92
2 92
2 92
2 60
2 92
2 74
2 89
2 82
2 92
2 105
2 79
1 92
2 930
2 930
2 941
1 941
1 950
2 582
2 582
2 567
2 545
1 572
2 92
2 92
2 84
1 930
1 941
2 945
2 930
2 931
1 946
1 963
2 960
1 969
2 977
2 1075
2 1075
2 1063
2 1930
2 1936
2 1559
2 1554
2 1555
2 1576
1 1546
2 1559
1 1552
1 1575
2 1559
2 1581
2 1075
2 1069
1 1062
2 1559
2 1578
2 1589
2 1580
1 1559
2 1075
1 1075
1 1559
2 1591
2 1603
2 1607
1 1616
2 1588
1 1578
2 1593
2 1606
1 1574
2 1593
2 1617
2 1642
1 1559
2 1075
2 1074
2 1058
1 1082
1 1559
2 436
2 412
1 436
2 438
1 434
2 436
2 991
2 1011
2 1035
2 436
2 1559
2 1559
1 1559
2 1536
2 1562
1 1585
1 1559
2 1542
1 1540
2 1528
1 1559
1 1530
2 1559
2 1561
1 1559
1 1535
1 1532
2 1554
2 1560
1 1571
2 1543
1 1520
2 1511
2 1506
1 1559
2 1543
2 1513
2 1534
2 1539
1 1532
1 1840
2 1848
1 1847
2 1840
2 1559
2 111
2 1559
2 1538
1 1559
2 1559
2 1559
2 1840
2 1826
2 1858
2 1840
2 1872
1 1840
2 1840
2 1819
1 1840
2 1870
1 1884
2 1866
1 1840
2 1812
2 1792
2 1840
2 1863
1 1840
1 1559
